
version	4

// General informations
root_actuated 0
external_forces 0


// Informations about PelvisTrans segment
	// Segment
	segment	PelvisTrans
		translations	xyz
		mass	0
		inertia
			0.0000000001	0.0000000000	0.0000000000
			0.0000000000	0.0000000001	0.0000000000
			0.0000000000	0.0000000000	0.0000000001
		com		0.0000000000		0.0000000000		0.0000000000
		meshfile Mesh_stl_JeCh8/pelvis.stl
	endsegment
 
	// Markers
		marker	Root
			parent	PelvisTrans
			position	0	0	0
			technical 1
		endmarker


// Informations about PelvisRot segment
	// Segment
	segment	PelvisRot
		parent	PelvisTrans
		RT 0 0 0 xyz 0 0 0
		rotations	q
		mass	20.3888
		inertia
			0.4918	0.0000000000	0.0000000000
			0.0000000000	0.5645	0.0000000000
			0.0000000000	0.0000000000	0.2255
		com		0         0    0.1760
		meshfile Mesh_stl_JeCh8/pelvis.stl
	endsegment


// Informations about Thorax segment
	// Segment
	segment	Thorax
		parent	PelvisRot
		rtinmatrix 1
		RT
			0.9998112728	-0.0152768896	0.0120014726	-0.0105445918
			0.0159703143	0.9980717122	-0.0599817167	-0.0594876700
			-0.0110619962	0.0601620638	0.9981273257	0.2160444777
			0.0000000000	0.0000000000	0.0000000000	1.0000000000
		mass	20.3888
		inertia
			0.4918	0.0000000000	0.0000000000
			0.0000000000	0.5645	0.0000000000
			0.0000000000	0.0000000000	0.2255
		com		0         0    0.1760
		meshfile Mesh_stl_JeCh8/thorax.stl
	endsegment


// Informations about Tete segment
	// Segment
	segment	Tete
		parent	Thorax
		rtinmatrix 1
		RT
			1	0	0	-0.0014793674
			0	1	0	-0.0066127196
			0	0	1	0.2994318521
			0.0000000000	0.0000000000	0.0000000000	1.0000000000
		mass	5.9721
		inertia
			0.0974  	0.0000000000	0.0000000000
			0.0000000000	0.0974	0.0000000000
			0.0000000000	0.0000000000	0.0203
		com		0         0    0.1182
	    meshfile Mesh_stl_JeCh8/tete.stl
	endsegment


// Informations about EpauleD segment
	// Segment
	segment	EpauleD
		parent	Thorax
		rtinmatrix 1
		RT
			0.9926071942	0.0960671994	0.0741758111	0.0323399606
			-0.0905310952	0.9930877165	-0.0747054765	0.0167688444
			-0.0808398328	0.0674379760	0.9944430807	0.1699134093
			0.0000000000	0.0000000000	0.0000000000	1.0000000000
		mass	0.6007
		inertia
			0	0	0
			0	0	0
			0	0	0
		com		0.1003         0         0
	endsegment


// Informations about BrasD segment
	// Segment
	segment	BrasD
		parent	EpauleD
		rtinmatrix 1
		RT
			0.7407461168	-0.6039532562	-0.2941694317	0.1612546624
			0.6178599746	0.7843909783	-0.0545879575	-0.0000019510
			0.2637124230	-0.1413197002	0.9541931147	0.0000024963
			0.0000000000	0.0000000000	0.0000000000	1.0000000000
		rotations	y
		mass	2.2471
		inertia
			0.0134 	0.0000000000	0.0000000000
			0.0000000000	0.0134	0.0000000000
			0.0000000000	0.0000000000	0.0031
		com		0         0    -0.1214
		meshfile Mesh_stl_JeCh8/bras.stl
	endsegment


// Informations about ABrasD segment
	// Segment
	segment	ABrasD
		parent	BrasD
		rtinmatrix 1
		RT
			0.1785044571	-0.9826780529	-0.0497996259	0.0000006432
			0.8537352156	0.1798460622	-0.4886630493	0.0000007417
			0.4891547203	0.0447128379	0.8710501832	-0.2929873739
			0.0000000000	0.0000000000	0.0000000000	1.0000000000
		mass	1.2921
		inertia
			0.0064	0.0000000000	0.0000000000
			0.0000000000	0.0065	0.0000000000
			0.0000000000	0.0000000000	0.0010
		com		0         0    -0.1248
		meshfile Mesh_stl_JeCh8/bras.stl
	endsegment


// Informations about MainD segment
	// Segment
	segment	MainD
		parent	ABrasD
		rtinmatrix 1
		RT
			1	0	0	0.0000003366
			0	1	0	0.0000005075
			0	0	1	-0.2540782785
			0	0	0	1
		mass	0.5275
		inertia
			0.0023 	0.0000000000	0.0000000000
			0.0000000000	0.0025 	0.0000000000
			0.0000000000	0.0000000000	0.0003
		com		0.0255838836	-0.0346156093	-0.0344497047
		meshfile Mesh_stl_JeCh8/main.stl
	endsegment


// Informations about EpauleG segment
	// Segment
	segment	EpauleG
		parent	Thorax
		rtinmatrix 1
		RT
			0.9840921936	-0.1440107224	-0.1040358888	-0.0284824291
			0.1366368693	0.9877881205	-0.0748665146	0.0276167488
			0.1135469960	0.0594604144	0.9917517526	0.1667404889
			0.0000000000	0.0000000000	0.0000000000	1.0000000000
		mass	0.6007
		inertia
			0.0000000000	0.0000000000	0.0000000000
			0.0000000000	0.0000000000	0.0000000000
			0.0000000000	0.0000000000	0.0000000000
		com		-0.1003         0         0
	endsegment


// Informations about BrasG segment
	// Segment
	segment	BrasG
		parent	EpauleG
		rtinmatrix 1
		RT
			0.7822185856	0.5693963449	0.2528277810	-0.1671338270
			-0.5693349884	0.8181046273	-0.0810091957	-0.0000077493
			-0.2529659173	-0.0805768033	0.9641139058	0.0000038505
			0.0000000000	0.0000000000	0.0000000000	1.0000000000
		rotations	y
		mass	2.2471
		inertia
			0.0134 	0.0000000000	0.0000000000
			0.0000000000	0.0134 	0.0000000000
			0.0000000000	0.0000000000	0.0031
		com		0         0    -0.1214
		meshfile Mesh_stl_JeCh8/bras.stl
	endsegment


// Informations about ABrasG segment
	// Segment
	segment	ABrasG
		parent	BrasG
		rtinmatrix 1
		RT
			-0.2045694583	0.9759499257	0.0753198473	0.0000008108
			-0.8631804239	-0.1435746457	-0.4840515231	0.0000069167
			-0.4615960275	-0.1640367754	0.8717918580	-0.2885936396
			0.0000000000	0.0000000000	0.0000000000	1.0000000000
		mass	1.2921
		inertia
			0.0064 	0.0000000000	0.0000000000
			0.0000000000	0.0065	0.0000000000
			0.0000000000	0.0000000000	0.0010
		com		0         0    -0.1248
		meshfile Mesh_stl_JeCh8/bras.stl
	endsegment


// Informations about MainG segment
	// Segment
	segment	MainG
		parent	ABrasG
		rtinmatrix 1
		RT
			1	0	0	0.0000003366
			0	1	0	0.0000005075
			0	0	1	-0.2540782785
			0	0	0	1
			
		mass	0.5275
		inertia
			0.0023 	0.0000000000	0.0000000000
			0.0000000000	0.0025 	0.0000000000
			0.0000000000	0.0000000000	0.0003
		com		-0.0271839495	0.0277505879	-0.0414542613
		meshfile Mesh_stl_JeCh8/main.stl
	endsegment


// Informations about CuisseD segment
	// Segment
	segment	CuisseD
		parent	PelvisRot
		rtinmatrix 1
		RT
			0.9918872616	0.1263804939	0.0136978459	0.0777156893
			-0.1236667821	0.9842667695	-0.1261960911	0.0258498624
			-0.0294310589	0.1234783267	0.9919107397	-0.0818365185
			0.0000000000	0.0000000000	0.0000000000	1.0000000000
		mass	9.8729
		inertia
			0.1565	0.0000000000	0.0000000000
			0.0000000000	0.1565 	0.0000000000
			0.0000000000	0.0000000000	0.0382
		com		 0         0    -0.1855
		meshfile Mesh_stl_JeCh8/cuisse.stl
		meshrt 0 0 0 xyz -0.0777156893 0 0
	endsegment


// Informations about JambeD segment
	// Segment
	segment	JambeD
		parent	CuisseD
		rtinmatrix 1
		RT
			1	0	0	0.0165
			0	1	0	-0.0017
			0	0	-1	-0.4030
			0.0000000000	0.0000000000	0.0000000000	1.0000000000
		mass	3.7302
		inertia
			0.0565	0.0000000000	0.0000000000
			0.0000000000	0.0565	0.0000000000
			0.0000000000	0.0000000000	0.0056
		com		0         0    0.1732
		meshfile Mesh_stl_JeCh8/jambe.stl
		meshrt 0 0 0 xyz -0.0777156893-0.0165 0 0
	endsegment


// Informations about PiedD segment
	// Segment
	segment	PiedD
		parent	JambeD
		rtinmatrix 1
		RT
			-1	0	0	-0.0000731275
			0	0	-1	0.0063187126
			0	-1	0	0.3813371128
			0.0000000000	0.0000000000	0.0000000000	1.0000000000
		mass	1.2004
		inertia
			0.0077 	0.0000000000	0.0000000000
			0.0000000000	0.0076 	0.0000000000
			0.0000000000	0.0000000000	0.0009
		com		0         0    0.0403
		meshfile Mesh_stl_JeCh8/pied.stl
		meshrt 0 0 0 xyz 0.0777156893+0.0165-0.0000731275 0 0
	endsegment


// Informations about CuisseG segment
	// Segment
	segment	CuisseG
		parent	PelvisRot
		rtinmatrix 1
		RT
			0.9925597327	-0.1201365671	-0.0198086410	-0.0862986734
			0.1173659308	0.9873091527	-0.1069853975	0.0336316042
			0.0324101110	0.1038645380	0.9940632487	-0.1027320081
			0.0000000000	0.0000000000	0.0000000000	1.0000000000
		mass	9.8729
		inertia
			0.1565	0.0000000000	0.0000000000
			0.0000000000	0.1565	0.0000000000
			0.0000000000	0.0000000000	0.0382
		com		 0         0    -0.1855
	endsegment


// Informations about JambeG segment
	// Segment
	segment	JambeG
		parent	CuisseG
		rtinmatrix 1
		RT
			1	0	0	-0.0339
			0	1	0	0.0097
			0	0	-1	-0.3889
			0   0   0   1
		mass	3.7302
		inertia
			0.0565	0.0000000000	0.0000000000
			0.0000000000	0.0565	0.0000000000
			0.0000000000	0.0000000000	0.0056
		com		0         0    0.1732
	endsegment


// Informations about PiedG segment
	// Segment
	segment	PiedG
		parent	JambeG
		rtinmatrix 1
		RT
			-1	0	0	-0.0278996413
			0	0	-1	0.0115025626
			0	-1	0	0.3798874443
			0.0000000000	0.0000000000	0.0000000000	1.0000000000
		mass	1.2004
		inertia
			0.0077  0.0000000000	0.0000000000
			0.0000000000	0.0076	0.0000000000
			0.0000000000	0.0000000000	0.0009
		com		0         0    0.0403
	endsegment


